0.999996240716273 0.0040827655733644
0.999996240716273 0.0040827655733644
0.100075478298014 0.0040827655733644
0.100075478298014 0.0040827655733644
0.5524405747017506 0.0040827655733644
0.17519576387906682 0.0040827655733644
0.1671755899884591 0.0040827655733644
0.1439396122475974 0.0040827655733644
0.25329083343952313 0.0040827655733644
0.6127361826112473 0.0040827655733644
0.14929570073077303 0.0040827655733644
0.8443713690521532 0.0040827655733644
0.32999651671974917 0.0040827655733644
0.3913095840811972 0.0040827655733644
0.10734247037474 0.0040827655733644
0.5184946107262838 0.0040827655733644
0.32999651671974917 0.0040827655733644
0.933128585481956 0.0040827655733644
0.1340442476921686 0.0040827655733644
0.9272264745532499 0.0040827655733644
0.11596313117835384 0.0040827655733644
0.7370228403785662 0.0040827655733644
0.1118444109322419 0.0040827655733644
0.7438932196014197 0.0040827655733644
0.4840113761533973 0.0040827655733644
0.19758495426408634 0.0040827655733644
0.1826697312786108 0.0040827655733644
0.11596313117835384 0.0040827655733644
0.5758576113921795 0.0040827655733644
0.12004679728479772 0.0040827655733644
0.8088509976832245 0.0040827655733644
0.7074370092289269 0.0040827655733644
0.1826697312786108 0.0040827655733644
0.7783732743379094 0.0040827655733644
0.1118444109322419 0.0040827655733644
0.19200548633460573 0.0040827655733644
0.2857446240289864 0.0040827655733644
0.2857446240289864 0.0040827655733644
0.10435294033036781 0.0040827655733644
0.47499020198094644 0.0040827655733644
0.4375770937228034 0.0040827655733644
0.2097335056155472 0.0040827655733644
0.9615827610251967 0.0040827655733644
0.1468389485702965 0.0040827655733644
0.15484065416590712 0.0040827655733644
0.1237438935081996 0.0040827655733644
0.10435294033036781 0.0040827655733644
0.10134810358646455 0.0040827655733644
0.2754397328530308 0.0040827655733644
0.9822880623036456 0.0040827655733644
0.10842330973553695 0.0040827655733644
0.1292403769835697 0.0040827655733644
0.15484065416590712 0.0040827655733644
0.1237438935081996 0.0040827655733644
0.12004679728479772 0.0040827655733644
0.4375770937228034 0.0040827655733644
0.45849917416553065 0.0040827655733644
0.3597737654212012 0.0040827655733644
0.38160993353193096 0.0040827655733644
0.35155542471981804 0.0040827655733644
0.9005062410344966 0.0040827655733644
0.13927449114879684 0.0040827655733644
0.6791680985377081 0.0040827655733644
0.13927449114879684 0.0040827655733644
0.12787971043119106 0.0040827655733644
0.5943101041002544 0.0040827655733644
0.304785635823928 0.0040827655733644
0.22760055443580407 0.0040827655733644
0.45849917416553065 0.0040827655733644
0.19758495426408634 0.0040827655733644
0.35155542471981804 0.0040827655733644
0.24045243143896672 0.0040827655733644
0.2178312976817695 0.0040827655733644
0.8676880309245664 0.0040827655733644
0.25728314665587376 0.0040827655733644
0.4192078361732885 0.0040827655733644
0.5046962480647783 0.0040827655733644
0.21121367689745965 0.0040827655733644
0.6502645449700277 0.0040827655733644
0.6286321253076754 0.0040827655733644
0.5184946107262838 0.0040827655733644
0.38160993353193096 0.0040827655733644
0.8676880309245664 0.0040827655733644
0.31004648478078856 0.0040827655733644
0.7669433763147887 0.0040827655733644
0.2728753427978345 0.0040827655733644
0.31004648478078856 0.0040827655733644
0.304785635823928 0.0040827655733644
0.2178312976817695 0.0040827655733644
0.3597737654212012 0.0040827655733644
0.13490867576390522 0.0040827655733644
0.19200548633460573 0.0040827655733644
0.9615827610251967 0.0040827655733644
0.16080481046098438 0.0040827655733644
0.8901140593117667 0.0040827655733644
0.16070015404485405 0.0040827655733644
0.6502645449700277 0.0040827655733644
0.22760055443580407 0.0040827655733644
0.4192078361732885 0.0040827655733644
0.24045243143896672 0.0040827655733644
